// This is a randomly generated model that
// uses simple mass-action kinetics

// Reactions
J0: S15 -> $S17; E0*(k0*S15 - k0r*S17)
J1: S3 -> S0 + S12; E1*(k1*S3 - k1r*S0*S12)
J2: $S10 -> S8; E2*(k2*S10 - k2r*S8)
J3: S9 -> S8 + S13; E3*(k3*S9 - k3r*S8*S13)
J4: $S10 + S2 -> $S17; E4*(k4*S10*S2 - k4r*S17)
J5: $S1 + S0 -> $S4; E5*(k5*S1*S0 - k5r*S4)
J6: S5 -> $S14 + S9; E6*(k6*S5 - k6r*S14*S9)
J7: S18 + S12 -> S5; E7*(k7*S18*S12 - k7r*S5)
J8: $S7 + S16 -> S2; E8*(k8*S7*S16 - k8r*S2)
J9: S6 -> S5 + S0; E9*(k9*S6 - k9r*S5*S0)
J10: $S10 + S19 -> S5; E10*(k10*S10*S19 - k10r*S5)
J11: S8 -> S18; E11*(k11*S8 - k11r*S18)
J12: S6 -> S13 + S16; E12*(k12*S6 - k12r*S13*S16)
J13: S2 + S15 -> S6 + S9; E13*(k13*S2*S15 - k13r*S6*S9)
J14: S3 -> S13; E14*(k14*S3 - k14r*S13)
J15: S13 -> S5; E15*(k15*S13 - k15r*S5)
J16: S3 -> S19; E16*(k16*S3 - k16r*S19)
J17: S0 -> S3 + S15; E17*(k17*S0 - k17r*S3*S15)
J18: S3 -> $S14 + $S17; E18*(k18*S3 - k18r*S14*S17)
J19: $S7 + $S1 -> $S11; E19*(k19*S7*S1 - k19r*S11)

// Species initializations
S0 = 5
S2 = 2
S3 = 3
S5 = 1
S6 = 3
S8 = 2
S9 = 5
S12 = 1
S13 = 4
S15 = 6
S16 = 6
S18 = 3
S19 = 4
S1 = 4
S4 = 4
S7 = 3
S10 = 6
S11 = 2
S14 = 1
S17 = 1
// Variable initializations
E0 = 1;
k0 = 0.828420614
k0r = 0.69125685
E1 = 1;
k1 = 0.708821521
k1r = 0.63838456
E2 = 1;
k2 = 0.118288544
k2r = 0.21911200
E3 = 1;
k3 = 0.249635736
k3r = 0.64338269
E4 = 1;
k4 = 0.148271098
k4r = 0.88154458
E5 = 1;
k5 = 0.9772751915
k5r = 0.344055979
E6 = 1;
k6 = 0.754618665
k6r = 0.68985893
E7 = 1;
k7 = 0.92086958
k7r = 0.9789804
E8 = 1;
k8 = 0.4925311695
k8r = 0.032997413
E9 = 1;
k9 = 0.80320391
k9r = 0.0041010
E10 = 1;
k10 = 0.05353786
k10r = 0.1268534
E11 = 1;
k11 = 0.1727146
k11r = 0.367270
E12 = 1;
k12 = 0.4561613
k12r = 0.247974
E13 = 1;
k13 = 0.20598231
k13r = 0.709211
E14 = 1;
k14 = 0.57478598
k14r = 0.2114866
E15 = 1;
k15 = 0.70746493
k15r = 0.7310762
E16 = 1;
k16 = 0.783348675
k16r = 0.78463660
E17 = 1;
k17 = 0.973314149
k17r = 0.58769631
E18 = 1;
k18 = 0.98747636
k18r = 0.9768005
E19 = 1;
k19 = 0.767613157
k19r = 0.85874833